0.9720577675
1.016104672
1.018781808
0.9937200174
1.006295732
1.0117356
0.9633049094
1.008616061
1.019488743
0.990449816
1.00481714
0.9833838179
0.9832000711
0.9996053054
0.9813515403
0.9958591091
0.9779047844
0.9973144888
1.029240422
1.002213744
1.043315289
0.9980913582
0.9997589548
1.010287074
1.001105737
1.002018324
0.9788582168
1.01688338
0.9850859232
0.9913139825
0.9886516606
1.003243056
1.003216122
0.988267222
1.029825362
1.001949569
1.008265526
1.009035088
1.000079031
0.9875220281
1.010707084
0.9957086982
1.015473919
1.000187932
1.002943709
0.9974630384
1.002261682
1.008885766
1.000309578
1.002336593
0.9950521034
1.003552894
1.011107933
1.004938687
1.000669456
1.000471347
0.9989741641
1.00867151
0.9942536103
0.9984071964
0.9974778361
0.9995430347
1.008899658
1.001095092
1.014605368
0.9995761767
1.002023313
1.002160276
1.001474118
0.9931136507
1.006800036
0.9990604911
0.9946168086
1.011025662
1.002348974
1.000719937
0.9966598395
1.004272056
1.001672216
1.001354577
1.003356269
0.9952630121
1.006158104
0.9967542155
0.9961303418
0.9846298183
1.006900607
1.00981791
1.003631279
1.000160482
1.01813156
0.9988036821
1.005967238
1.00111935
1.003973878
0.996999468
0.9981288064
0.9927934478
1.00310889
1.013885807
0.9971832179
0.995058477
0.9983920771
1.003698478
1.007504597
0.996011388
0.9897975067
0.9993709613
0.9886415656
0.9829185357
1.007448899
1.013779398
0.9875249537
0.9994964459
1.015486613
0.9959447217
0.9940655818
1.001169276
0.9915924935
1.003679752
1.013644613
1.006680137
1.00241432
0.9961164633
1.005658447
0.9975032365
0.9923412084
0.9838527706
1.000350595
0.995721316
0.9932977444
1.002517385
0.9966126407
0.9888871648
0.9942541189
0.9955961703
0.9849486715
0.9926122343
1.016035886
1.000486326
1.001693718
1.00137998
0.9978344489
1.011078903
0.9856651806
0.9977233271
0.9753573527
1.000109543
1.005726893
1.023049397
0.9998935466
1.00811413
0.9873798712
1.011650738
0.9929767856
1.010814675
1.010337823
1.001444699
1.009815732
0.9983136718
0.9777382735
1.007174597
0.9840451828
1.004772707
1.008984917
0.9978901528
1.024920243
1.002459329
1.006232104
0.9953130231
0.9905672794
0.9983612366
0.9918740665
0.999985091
0.9950128592
1.016497348
0.997685697
1.007409651
1.006680502
1.002717114
0.9899383223
0.9910909545
0.990959038
0.9996861714
1.016540971
1.019080602
0.9995165841
0.9956832455
0.9969695212
0.9926262053
1.019040293
1.002329276
1.005106761
1.00062083
1.00041363
1.00218848
0.9987481062
0.9998718049
1.001139658
1.007100524
1.001872117
0.9999788458
0.9965024363
1.000226441
0.9919277816
1.006454696
0.9995110302
0.9991917416
1.000844391
0.992194202
1.005073313
0.9988340514
0.9989323387
1.020435501
1.00404994
0.993852231
1.003134884
1.002092692
1.016309796
1.003958931
0.9968753624
0.9987202212
1.001185484
0.999459293
0.9999246709
0.9977673527
0.9894981776
0.9942632787
1.009648927
0.9955222334
1.002651544
1.00087228
1.003624416
1.007174412
0.9996783906
0.9965432978
0.9901090749
0.9938119155
1.000195454
0.9970338628
1.008077895
1.010269906
1.004117065
0.9975563176
0.9834287126
1.000439579
0.985556067
0.9969146068
1.002995563
0.999271039
1.000155814
1.010926524
0.9906205563
1.002163768
1.007853181
0.9762949895
0.9877951711
1.001698717
1.000130449
0.9960145794
0.9861479924
0.9984064803
1.004839913
1.019862047
1.000663355
1.002320202
1.013026319
0.9979704077
0.994773482
1.007855948
1.004269716
1.000162435
0.9952548405
0.9982901253
1.001584876
1.003306653
1.002920916
1.000338488
1.006548941
1.000448229
0.9936785954
0.9958645954
1.01187057
1.011486619
0.9924107853
1.005488191
0.9906212553
0.9975596965
0.9952125945
0.9987815443
0.9889500035
1.016942022
1.025403347
0.9979144158
1.004865113
0.9968768539
0.996757622
1.002655869
1.007597432
0.9999524495
0.9990693251
1.00112873
1.000196965
1.005642965
1.003403244
1.004428054
1.001507477
1.00000669
1.005445472
0.9981503167
1.005106054
0.996100382
0.9974366827
1.010052666
0.9884613097
1.010416458
1.0005492
0.9981945877
1.005657915
0.9993939114
1.001595243
1.000592327
1.00069064
0.9989548962
1.00733654
0.9875958561
0.9936968815
1.008772514
0.9816904196
1.006109487
1.012725961
0.9991358782
1.002323923
1.004610723
1.009565959
1.001084563
1.00181646
1.004481111
1.003249139
0.9975967408
1.001314027
1.005603016
0.9983815561
0.9944896521
0.9975774757
1.006697495
0.99171751
1.007174279
0.9966600081
1.00778506
0.9994116782
1.004056691
0.9955263544
1.005172292
0.9894539086
1.004048427
0.9957050731
1.006302792
1.003544307
1.012189136
1.003552241
0.9971632452
0.9770337036
1.014307248
0.9856722788
0.9932990122
1.008847893
1.00466163
1.0104192
1.000006334
1.004034735
0.9981579147
1.007186015
1.002484924
0.9906921136
1.009407974
1.010534618
1.001907806
1.005230294
1.004139093
0.9963128334
1.004321712
1.000042848
1.010142186
1.005114098
0.9949902941
1.010300096
0.9992923411
1.001722389
0.9917263773
0.997076147
0.9994486553
1.006340931
0.992952062
1.003670315
0.9856927847
1.005935955
0.9944892162
0.9862202552
1.008490273
1.012831575
0.9996531539
0.9898466652
0.9916304355
1.014784313
0.9941149869
1.007567328
1.007791146
0.986148528
0.9749897172
1.002669706
0.9878550392
1.009497232
1.009590499
1.006199868
0.9957103893
1.00540379
0.9994550949
1.000823999
1.010201744
1.005251579
1.007229679
1.000181563
1.013554235
1.00308653
1.001374845
0.9962912333
1.002774033
1.005032988
1.001610068
1.002032989
0.9981480717
0.9961888217
1.002556437
1.00082828
0.9962640026
1.000373814
0.9998635792
1.012540561
1.00164043
0.9985201823
0.9942769779
0.9961941121
1.003885482
0.9964300021
0.9988471225
1.002776019
0.9948233933
0.9857184391
0.9966953988
0.9940996358
1.003821246
0.9942203528
1.00861943
1.003946987
0.9959603246
0.9841258344
1.002747657
1.001963351
0.9968257263
1.004164192
1.008116992
1.001209863
1.000054378
1.009992931
1.007345772
1.003052275
0.9966195615
1.002714712
1.005693162
1.004217719
1.012177667
0.9981570773
0.9927830742
0.9952804534
0.9974028111
0.9972605484
1.003485411
0.9959262246
0.9939707404
1.007998573
0.9993333333
0.9910205624
1.007053245
0.9914936409
0.9876679474
1.000573862
1.021830476
1.006286335
1.004074683
0.9929362508
1.013827544
1.006743962
1.00654877
1.000091717
1.005737508
0.9952754649
1.003258168
1.004394802
1.001329719
1.005584214
0.9951240159
0.9961606297
1.002903435
1.003570537
0.9971944591
1.004265529
0.9868172088
1.013427582
1.000722915
0.9976296497
1.008095311
1.004837262
1.004222001
0.9963018163
0.9979570535
0.9963643889
1.008128575
1.004961439
0.9987366741
1.000149794
1.002485092
0.9992142671
0.9972809986
0.996807152
0.9986964878
0.9956604437
1.011237906
1.001817084
0.996820341
0.988683139
0.9962294217
0.9998986201
1.006319987
0.9968990339
1.016647951
0.9994200978
1.004818744
1.005318096
1.002915771
1.004745489
0.999663413
0.9998207885
1.003959654
0.99113809
0.9996670269
0.9974882192
1.006081773
0.999787799
1.000348301
1.002306692
0.9874238074
1.010817942
1.005166188
0.9986528744
0.99610486
1.002773699
1.0005749
0.9911104366
0.9791245091
0.995123695
1.006140686
0.989790795
1.01126705
0.993534687
0.9771680532
1.007641125
0.9979717411
1.012439771
1.013301906
1.001569265
1.011062094
0.9997307322
1.005810055
1.00480919
1.001158471
0.993475521
1.006031442
0.9980812923
1.006186521
0.998652313
1.000021679
1.00494808
1.002782736
0.9926214741
1.015267672
0.9999466356
1.001718424
1.000538084
0.9995367511
0.9949178817
1.0003052
0.9882988973
0.9971782012
1.009613661
1.007219595
0.9938683402
1.00604051
0.9970673234
0.9951353321
1.004403911
0.9929996462
0.9980999266
1.004640246
1.007924118
1.00703932
1.002853324
0.9988735523
0.9874627403
0.9892498485
1.003750596
1.010918162
0.979115256
0.9905132346
1.008217262
1.00675731
1.010488448
1.001363898
1.003775103
1.004092121
0.9977867043
1.001716976
0.9919035883
1.00323602
1.004760809
1.00299202
0.9998566841
0.9986515756
1.001871206
0.9910116414
1.005616474
0.9986263517
1.001519489
1.009672714
1.000421796
0.9952989539
0.9906382213
1.00374696
1.003844802
0.9935016021
1.00811606
1.002362251
1.004248371
1.005987803
0.9988859308
1.00536711
1.001843721
1.000727813
0.9996207733
1.001891656
1.006525302
1.004627769
1.000938731
0.9997540064
0.9964629714
0.9929111215
1.003134536
1.000836708
1.002172589
1.007718886
1.001277479
1.001730051
0.9998675409
0.9935646919
1.004897486
0.9988211459
1.001910874
0.9996277334
1.006677788
1.000658788
1.005479535
0.9960764365
0.99295123
1.00464427
0.9958688787
1.001470977
1.004843538
0.9980678772
1.004201127
0.9881659492
1.010264948
0.9976797323
1.005016138
1.001754448
1.000488171
0.9951508566
1.00028812
0.9954722549
1.000060915
0.9800007106
0.9971408889
1.00718905
0.9903145452
1.000015623
0.9944434029
1.011531392
1.002759385
0.998363381
1.006707175
1.004345771
0.9999386246
1.008531707
1.005000659
1.002477796
1.002949897
0.9980073982
1.004787769
1.001051093
1.00005
0.9983101014
1.003320412
0.9994559168
0.9992208882
0.9984655524
1.005035917
0.996926847
0.9934550396
1.003646074
1.0008819
0.9940373977
0.9992898657
1.007484389
1.001295661
1.00489116
0.999522711
0.9919866693
0.9942235081
1.007832477
0.9838312566
1.008575832
0.9974531609
0.9972140762
0.9867514412
1.000005138
1.01116552
0.9984348798
0.9848739325
1.01746163
0.9793386121
0.9885489651
0.9835320781
1.001578886
0.9918996645
1.000144967
1.012884107
1.009142657
1.019574477
0.9927006923
1.012303397
1.007053444
0.9984984068
1.011939051
0.9986146445
1.006230137
1.011731381
0.9998810733
0.9971701994
1.005700512
1.003775506
1.000349545
1.003120202
1.000696673
0.9992989096
1.000529866
1.000240275
1.000735359
1.005133933
0.998498879
1.001967082
1.005236877
1.002864066
0.9988499137
1.002805958
0.9974575821
0.993170694
1.006384409
1.003764729
0.9988381791
1.001665122
0.9927434626
0.9997621717
0.9836490567
1.004535718
0.983786413
0.9936573891
0.9915109845
1.020352403
1.024015222
1.004570087
1.003810398
1.001746418
0.9998607222
1.003309509
1.000861751
0.9951113811
0.989689235
0.9996600126
0.9817218929
0.991106514
1.011629823
1.017888346
0.9915961089
0.9919063385
0.9974214351
0.9941869374
0.9907521118
1.0134242
1.00154995
1.004731651
1.015269768
0.9945083974
1.002568451
0.986612156
0.9865043975
1.009534703
0.9870080396
1.012962471
1.014439469
0.9958439633
1.010291402
0.9965818513
0.9957527962
1.010675513
0.9999709947
1.00964453
1.004074734
1.001597528
0.9996857652
0.9989379334
1.006126487
0.9996967256
1.002758738
0.9992342163
0.9985240271
0.9970436908
1.00612497
0.9954613935
0.9956114965
1.001196075
0.9858260671
1.003944459
0.9830386212
0.9980823419
1.012601459
0.9939253128
1.013533652
0.9966797842
1.012158436
0.9951274113
1.009012717
0.9982543523
0.9938605411
0.985441071
0.997622571
1.002368504
1.01223666
0.9912042718
0.9960346053
1.003529657
1.006608739
0.9979381146
1.002682618
1.004457467
1.005202804
0.9954187797
1.001629684
1.005148294
0.9992215054
0.9886887824
1.009235145
0.9985193297
1.005087518
1.00235773
1.002252796
0.9958586951
1.00276919
0.9962596228
0.9898711346
1.010922988
1.002940772
0.9881626302
0.9955443033
1.003773766
1.013457854
0.9949104485
0.9970503437
0.9996951103
1.010779231
1.000768469
1.003047962
0.9993565658
0.9990694745
1.002337888
0.9977661182
0.98971807
1.009162627
0.9987332115
0.9936815998
1.002059419
0.9989913483
1.002118885
0.9913768229
0.9985638217
0.9935255133
1.000418414
1.012042401
1.001738552
0.9930056998
0.9953775112
1.005689805
1.001979688
1.009902687
0.9946964983
1.006094816
1.000635938
0.9926466434
0.9970264349
0.9996099529
0.9791338526
1.002658385
1.00693613
0.9996919256
0.9961382525
1.006080937
0.9833472667
1.0022622
1.012338457
1.011066059
1.004453229
0.9992650371
1.008014615
1.001106252
1.00077117
0.9957383427
0.9976123178
0.99432396
0.9892966725
0.9942249898
1.012386102
1.007318763
1.000028455
0.9977283829
0.9972431364
0.9977502812
1.00311467
0.9922470283
0.9971251128
1.012808233
0.9904428328
1.000950064
0.9987248628
1.003911894
1.005211471
0.9973744792
0.9917450356
0.9788998899
0.9681490178
0.9605863341
0.9864779924
1.039033845
1.024297736
1.000608756
0.9916083002
0.9704235922
1.01829297
1.001164784
0.9846704218
1.02508302
0.9861024368
1.005277955
1.004487038
0.9959103541
1.012831344
1.008705367
0.9974389944
0.9838357954
1.004565814
0.987681561
0.9979513471
0.9966370257
0.9995342194
0.9743338822
1.001232882
1.019075522
1.001973927
1.014315269
1.018289808
0.9964117662
1.008035678
1.008818386
1.000725131
1.001275504
0.9931745859
0.9952837016
1.014852776
1.004570474
1.000270522
0.9985789168
0.9941746234
1.016627537
1.011030397
0.9980868853
0.9974459004
1.011839933
0.9995503145
0.9951900297
1.011873846
1.002728072
0.9964546234
0.998867912
0.9996523694
0.9901772104
1.001510647
0.9967719002
0.9860096386
0.988792602
1.014903314
0.9986606208
1.016162385
0.998876933
1.003810229
0.9987650598
1.00122209
0.9998707602
1.000593622
0.9953590959
1.010680587
0.9890042471
0.9856264216
1.020525756
0.9930104365
0.9935100887
0.9922610596
1.002251394
0.9805772257
1.004755587
1.010618515
1.014514953
0.9849595045
0.9822027631
1.007778415
1.008816763
1.012418035
0.9984013874
0.9978214353
1.010629711
0.992782771
0.9905881669
0.984696224
1.002012262
0.9868845793
0.9762995789
0.9891615931
1.000853265
1.007802794
0.9750345596
1.016695939
0.9784009075
1.000531822
0.9883061451
1.00519542
1.020283683
0.9843620536
1.014144309
0.9891365444
1.005528559
1.024760215
0.9995567559
0.9812568965
1.004992039
1.001526773
0.9815187032
0.9858461211
0.9993363691
0.9998110365
0.9876988541
1.019518009
1.016516694
1.016480444
0.9953342814
0.9999739289
1.014454213
0.9875456181
1.004439772
1.011348326
0.9981298355
0.9918790585
1.023868794
1.004094321
1.003498704
1.00330591
1.000885004
0.9887598913
1.005052393
1.000155837
1.016395503
0.9987389909
0.998163039
1.005600393
1.006595239
1.004405589
1.000985568
0.999122636
0.9936140111
0.9996219393
1.000545203
1.008816671
1.004350344
0.9979602219
1.006330896
0.9967917483
0.9898554302
1.010507684
0.9880241549
1.002786607
0.9972602071
1.009662143
1.010040161
1.000172876
0.9990157386
1.006540974
1.003084504
1.000761615
0.9948059361
1.000047813
0.9981879727
1.001872794
1.001649376
0.9907691573
0.9949369162
1.007810003
0.9913232729
0.9940631103
0.9997611061
1.003174634
1.000753473
1.012483667
0.9904384496
0.9998304641
0.9915217697
1.009796688
0.9905886793
1.000205157
0.9962932756
1.00601949
0.9979145552
1.013681373
1.00697475
0.9997895281
1.004286876
0.9989995522
1.001130208
1.002824711
0.9970882456
1.004897267
1.00128946
1.003309455
0.9982823059
0.9908247774
0.991884813
0.9982011101
0.99815932
1.003132995
0.996742044
1.005808171
1.002712108
0.998348413
1.013364022
0.964080215
0.9819034951
1.017770202
1.017032646
1.013565002
1.001948677
0.9931524763
1.005352996
0.9991284594
1.015253349
1.003408611
1.007009302
1.00013475
1.005259172
0.9990710572
1.00238234
0.9985647633
1.004270305
0.996387516
1.004553915
0.9969885473
1.000322807
0.9988013904
1.001606218
1.001631291
0.9987302172
0.9936384073
1.003133939
1.00021259
1.008603442
0.9990929373
1.000389749
0.997135314
1.004734566
0.9992039491
1.002792976
0.9945209232
1.001868558
1.002199595
0.998559684
0.9994367797
1.001951765
0.9947597055
0.9986347589
0.998421152
1.005228119
0.9980462121
0.9976242119
0.9999585435
1.0042011
1.002981679
0.999853646
0.9977769239
0.975477926
1.014677062
0.9851693345
0.9994123233
1.010109278
0.9962277507
0.9999813011
1.000299188
1.010917112
1.006499871
0.9942632212
0.9914121653
1.006444248
1.005296468
0.9906786959
1.007967905
0.996739336
0.9950444198
1.004296695
1.000481542
0.9967465302
1.004605941
0.9875534973
1.001146612
0.9969006816
1.000201637
0.9969619968
1.006160357
1.002191999
0.9986242532
0.9999159405
1.004749762
0.9962023492
0.9982595793
0.9970132231
0.9968917601
0.9998777282
0.9932130847
0.9934745137
0.9955766132
0.99833386
1.022223501
1.003771956
1.011077044
1.00195076
0.9986020632
0.9998844972
1.007480824
0.9984177143
1.004676289
0.9976132997
1.007461387
1.002165428
1.000808011
1.003914329
0.9947455215
1.00133532
0.9973465296
0.996484462
1.000397064
1.005821301
1.003410879
1.013163188
1.002159413
1.005938946
0.9988625953
1.00653977
0.9918828025
1.003883228
0.9982493601
1.001975138
1.003637521
0.9975426729
0.9981370134
1.001251681
1.002248442
0.991643454
0.9997066562
0.9953629194
1.008486576
1.005722309
0.9992293295
1.003516968
0.9964514401
1
1.002829565
0.9978552467
1.001849862
0.9970324975
1.001763754
0.9963906703
1.003366185
0.9973099225
1.006564542
1.008026069
0.9992646963
0.9991335319
0.9939904737
0.9991100004
1.000298394
1.000570288
1.007264835
0.9978845836
1.000226821
1.000693391
1.005752461
1.003566059
1.005245887
1.004007302
1.004992343
0.9991358944
1.001678581
1.006048078
0.9989177215
1.000418991
1.001493352
1.00101802
0.997421669
1.013673825
0.9941401359
1.000503795
0.9967227836
0.9970866961
0.9977157478
1.000799837
1.003268679
1.000366686
0.9966209811
1.008374728
0.9983733429
0.9986856361
0.9979901188
0.9875920066
1.001889916
0.9989397262
0.9991559958
0.9989803667
1.007251483
1.001085403
1.002935035
0.9977449896
0.9983578249
1.000559597
0.9969451224
1.001929493
0.9991728491
1.00068774
0.998566071
0.9962400904
0.9931852976
1.008613324
0.9970966492
0.9982836576
1.007557192
0.9969649891
1.010840085
1.006090601
0.9995143619
1.000552891
0.9980868815
1.001732237
1.001189115
0.9987286558
1.000582045
1.004088687
1.000037511
0.9989747351
1.001130618
0.9978371666
0.998521575
1.004776444
0.9993131639
0.9818217414
1.003686843
1.006767496
1.005160115
1.001837913
1.002489139
1.004441875
1.00031055
0.9987954401
0.9995399746
1.007571109
1.003707727
0.9987823228
0.9972209679
1.001568334
1.000267145
0.9991700188
0.999021289
1.004511421
0.9990042412
0.9977603859
1.000283663
1.008347204
0.9933033349
0.9994173235
0.999544262
1.001560895
1.000315794
0.991927251
1.008808042
0.991399973
1.001533248
1.002310793
1.001453267
0.9906311921
1.006403154
1.000927766
0.9992172792
1.00730562
1.001874552
1.004673527
0.9999471388
1.00059777
1.005372651
0.999846392
0.9996320928
0.9989363165
1.002923183
1.000282585
0.9990273748
0.9986588135
0.9992718741
1.002449095
1.000492661
0.9978164088
1.001889036
1.001647267
0.9975855634
0.9996363519
0.9855255818
1.001275526
1.010043747
0.9995011842
1.001420103
0.9845630867
0.9981646166
1.001162623
1.009940825
0.9965463953
0.9979255659
1.001672837
1.000487096
1.000842798
1.004615133
1.005721052
1.001982481
0.9924491732
1.003128751
0.9998215401
0.9985112166
1.010839228
1.003363999
1.000757066
0.9988992823
1.001847236
1.001455866
1.001110281
1.000634313
0.9969540395
1.000647845
0.9977779732
1.000072096
1.004085164
1.001204608
1.003705091
1.003874
1.002158854
1.001246755
1.005646757
0.9989263617
0.9981956043
1.002322447
1.001803469
0.99831327
1.000878111
1.001750765
1.000672495
1.000742373
1.000327964
1.005116896
0.9960275084
1.001617946
0.9953369429
1.001270946
1.008072957
0.9968075256
1.000944485
1.001592072
1.00018997
1.003097079
1.001271331
0.9998108933
1.001443659
0.9962380222
0.9991023826
1.000983619
0.9976903793
0.994474324
1.008196146
0.9973739577
1.001275762
1.006541086
0.9992497201
1.002056155
0.9996157423
1.009848467
0.9996307631
1.008190947
0.9979755097
0.9989478545
0.9962605704
0.9998859129
1.002932373
1.005506299
1.003201961
1.001548878
0.9995270466
0.9959291736
1.008974325
1.005362862
0.9967697089
0.9991720959
1.00198563
0.9995418261
0.9989416175
1.000790897
1.001834028
0.9948168213
1.00830338
1.006398819
1.004028661
1.0070338
1.001662323
1.001302903
0.9988877945
1.007033618
1.006749628
0.9964755369
1.009415002
0.9983836207
1.004385228
1.008066754
1.002174396
0.9994399693
1.000602635
1.011841155
0.993268056
0.9891012185
1.00048894
0.9993519394
0.9787914868
0.9590207557
1.017440939
0.9949984045
0.9624635487
1.014936071
1.013914604
1.002612952
1.01340248
1.012069087
1.000373462
0.9941585963
0.9945034717
1.000973594
1.016028344
1.011756998
0.9872931357
0.9889041934
0.9866756576
1.005071573
1.011032048
1.002638794
0.9995161503
1.004463107
1.017378796
0.9987260324
0.9936364094
0.9942755062
0.999218034
1.001703472
0.9857958365
1.001481798
0.9981560138
0.9748371086
0.9790330939
1.027157241
0.9827236652
0.9970833876
1.013769674
0.9776626642
1.012614839
1.011566486
1.006862808
0.9780797945
1.003336571
1.016726875
0.9944747014
1.008250731
0.9971133525
1.008109024
1.010661578
1.000831366
0.9942738791
0.9914634644
1.000056177
0.9866194308
1.001837119
1.01043419
1.001113636
0.9918124581
1.002549046
0.9927941841
0.9977463036
1.012811201
1.00345796
0.9997343441
1.009682176
1.009370633
1.001707631
1.000883522
0.993157835
1.004060558
0.9991441564
0.9973677729
1.007386739
0.9968642632
1.003248374
0.9979767972
0.9976427545
0.9884358016
1.012695828
0.9931204364
1.010849194
1.004479599
1.000702618
1.008567375
0.9992858045
1.003125936
1.001068718
1.00174335
0.9959739491
1.002471511
0.9989829254
0.9978738407
0.995976566
1.001712161
0.9936545105
1.001861981
0.9862752643
1.002204581
0.9913957092
1.006178624
1.000758382
1.003068015
0.9950526459
1.008620753
1.008481296
1.008823039
1.003473207
0.9929058214
1.008749036
1.001079231
0.9989719096
1.003973657
1.002160488
0.9960470518
0.999051521
1.001838084
1.004780939
1.009101546
0.9969677485
0.9934377467
0.9942458192
1.00488475
0.9989596242
1.004926494
1.004644138
1.003538296
1.002824165
0.99973762
0.9985582811
0.992886129
0.9959940422
1.006389244
0.9923977803
1.007919471
1.003323136
1.002427959
1.002068567
0.9996018107
0.9983087685
1.006198853
1.007670392
1.000269268
1.005701427
0.9955697245
1.00013443
0.9983456947
0.9971968295
0.9963477117
0.9977866959
1.001897844
1.003739838
1.000356662
1.005282251
1.000275465
0.9944302543
1.005369011
1.00125331
1.007840575
0.9996314936
0.9964842457
0.9986949239
0.996710752
1.002763277
0.9999931366
1.003641068
0.9996033632
1.000711493
0.9918304843
0.9944720345
0.9996049307
0.9985820422
0.9671358242
0.9794269263
1.014206284
0.9940949648
1.021495643
0.9997473238
0.9856080535
0.9996388301
0.9957005253
0.994488149
0.9691355097
1.018625052
0.9826727824
0.9934403785
1.015666824
1.010851291
1.010557797
0.9936833347
1.005600317
1.006259335
1.021208877
0.9974910178
0.9908010104
0.9802985246
0.9985180947
0.9924325357
1.010593801
1.00222328
0.9833569056
0.981848792
1.003043276
0.9934451099
1.01553241
1.003261703
1.022973935
0.9978023099
1.008185524
1.010941355
0.9676351165
0.9984778116
0.9766798346
1.001762195
0.9996436316
1.005419489
0.9998000807
0.9809133233
0.9792265236
1.000086412
0.9846042668
0.9842279095
0.9794116932
0.9728877523
1.049593807
1.008562629
0.9987584528
1.008492441
1.001268524
0.9752433238
1.034335693
1.007010435
1.009695296
1.004098026
1.004518445
0.999853657
0.9947424372
1.010721712
1.002221967
1.007591453
1.013183053
0.985842716
1.002202894
1.001375677
1.00848872
0.9921531395
0.9985437903
1.015549242
1.008597378
1.000898635
1.006776204
1.004708482
0.997775505
0.9906428809
1.000676262
1.000709042
1.01289025
1.003023977
0.9973483762
1.01087871
1.001498775
1.001777132
0.9964735878
1.006411088
1.001231796
0.9992096162
0.9994559576
0.9971744533
1.006895338
0.9961193998
0.9988685231
0.9934758841
0.9918742896
0.9978682615
1.014666049
1.002953329
1.006949619
0.9991319568
1.004984903
1.003705961
0.9998693936
0.9970556774
1.010852516
0.9810254722
0.9991609271
1.007182778
0.9953556197
1.003589544
1.006734294
1.011568586
1.000017439
1.002148408
1.002084638
1.004636399
1.00104745
0.9939325292
1.003477868
1.000038086
1.006609378
0.9993705738
1.000509365
0.9977262251
1.001579065
1.001012038
1.008841219
0.9978082136
0.999631053
1.004685305
1.001071472
1.0009514
0.9924978699
0.9978760009
1.009638323
0.9955289852
0.9834883221
0.9983946187
0.9969785582
1.003720321
0.9758693691
1.008016018
1.005838958
1.008895249
0.9941626801
0.9932506391
1.008495791
0.9971756343
0.9880858602
1.001353535
0.9916243816
0.9930880427
1.00209844
0.9868046442
0.9972347987
1.021432345
1.008161897
1.006135555
1.010497663
1.004660082
0.9996501231
0.9979623803
1.00409745
0.9983884578
1.00093177
1.009717373
1.002985177
1.009472195
0.9987407673
0.9982680667
0.9905036753
0.9987660161
1.003823212
1.005757422
1.007672278
1.002928149
1.007672359
0.9981941505
0.9951645427
1.00123658
1.004510627
1.002285279
1.004620139
1.000175859
0.9965962247
0.9934687954
1.003581936
0.9938232653
1.002828721
1.006847502
1.004688119
0.9947376439
1.007387629
0.9983839305
0.997421358
0.9891144903
0.9910011475
0.9927172632
0.9702221995
1.013017007
1.00076689
1.018762266
0.9933834566
0.9880424169
1.014762029
0.9707072364
1.002464268
1.014426183
1.012105875
0.9920852359
1.008246826
0.9994939185
0.9740536102
1.010983067
0.9967968093
1.00654547
1.012687244
1.000642827
0.9931008796
1.010842076
1.013009824
1.000910618
0.9999059996
1.000322317
1.007229668
1.002879107
0.999275644
0.9968643907
1.002581756
1.000342682
1.000019955
0.9951044137
0.9999030771
0.9915836057
1.006158565
0.9975710835
0.9946836735
1.005047623
0.9877416234
0.9820967605
1.007971991
1.014216853
0.9955216954
0.9844391739
1.009104547
1.006415702
1.010938931
0.9986129207
1.009955666
0.998000454
1.002762828
0.9960806551
1.006871609
0.9964313272
1.002847139
1.00192044
1.004072697
1.00558138
0.9991676043
1.003253328
0.9969771266
1.009662361
1.003704054
0.9988142691
1.000702526
1.002730127
1.002560629
0.9980375548
1.001564621
1.00071155
1.000837093
1.007695462
1.000503131
0.9994074368
0.9962438064
0.9984172227
1.002174936
1.007507339
1.00219553
1.004174468
0.9959887495
0.9913689358
0.9933619579
1.006323548
1.001500276
1.00913573
0.9968371632
0.9989030472
1.002908202
1.008575166
1.000072588
1.007147816
1.000335271
0.9995677396
1.004459221
1.004944827
1.000866131
0.9998045912
1.005128157
1.000033952
0.9942191715
1.002946025
1.008378782
0.9929401292
1.003533394
0.9971967914
1.004902415
1.006655293
0.9971447766
1.006976281
0.9984854613
1.001870155
1.008366547
1.003862145
0.9973480457
1.000289088
1.001140965
0.9909578595
0.9842693152
1.010053551
0.9991331526
1.003134356
0.9822941474
1.007254644
1.014980363
1.011250641
1.003325646
0.9945991667
1.00732636
1.001688499
1.006462661
0.9983695572
1.001843542
0.9970800199
1.004705827
0.9961844573
0.9894818912
0.9664864055
0.9697199843
0.9962214813
0.9558367213
0.9917616726
1.046039225
0.9718920598
1.042202592
0.9660779778
0.9829460902
0.9240303192
1.049396336
0.9511315891
0.9048873195
1.092871195
0.8801594972
1.059954822
0.9481691767
1.004707894
0.9566404775
0.9707061416
1.093827657
1.01153502
1.062414161
0.9663126837
1.033516036
0.983987208
0.9558576022
1.022829387
0.9848628755
1.070331304
0.9983969546
1.034056426
1.014487378
0.9898954054
1.030572524
0.9779695439
1.005816711
1.026793592
0.9821190026
0.9693251534
1.022930248
0.9994605814
1.013918078
1.014714073
0.9947576499
1.026583874
0.9907875802
0.9719409565
1.004249817
1.009040574
0.9930205966
1.011504624
1.016871501
1.000177487
0.9794561686
0.9825373155
1.011524823
1.00392638
1.031501205
0.9895155912
1.016651043
0.9922264362
1.002353731
1.012289161
1.014827343
0.9978920534
1.00481231
1.003751261
1.008210804
1.013648964
0.9966313039
1.026211705
1.012041591
0.9922008174
0.9946869212
0.9410558784
1.013060857
1.008312208
1.018962431
0.9963997005
1.000594189
0.9943505364
1.006495058
1.004307442
0.9741448413
1.01095947
0.9757730822
1.014685698
1.01540986
1.005022111
1.004541282
1.015881738
0.9891814374
1.007827502
0.9943563601
1.010466205
0.9906374802
1.013406355
1.009082039
0.9965938957
1.00284864
1.008406905
1.001679049
1.005747091
0.9876801729
0.9938096092
1.007395129
0.993526599
1.012428381
0.9962497391
1.00767046
1.007181027
1.00361196
1.00642974
1.006427728
1.000632995
1.002742236
0.9920308766
1.013996502
0.9979528747
0.9998280682
1.002709874
1.002303378
0.9955955844
1.003158659
1.003441136
1.010043684
1.003596326
1.010195666
1.001673024
1.006732577
0.9978050234
1.007525048
1.015365857
0.9648741636
0.9918670009
0.9722436212
1.020145025
0.9824152094
1.000533063
1.012741809
1.005219386
0.995381042
0.9915876284
0.9888174298
0.9884288757
1.010517942
0.9762785886
1.002987408
1.015976763
1.016110549
0.9951873732
1.008253709
1.005292893
0.990428301
1.017975535
0.9860119755
1.017405793
1.008007136
1.008790686
1.016418713
0.9936930921
0.9933768612
0.9984721971
1.000134928
0.9836701772
1.004727277
0.997804317
1.005218945
1.00344579
0.9814104617
0.9969743926
0.9647120931
1.011947307
0.9878704937
1.012318193
1.017799314
1.022047038
1.019460191
0.9997122876
1.011699872
0.9986001972
1.007651888
0.9900214406
1.013610366
1.011648048
0.9952080421
0.9884361676
1.003946421
0.9932074587
1.005635917
1.016161718
0.9984155845
1.002396925
0.9954045103
1.011271168
1.001791151
0.9993758534
1.008836235
0.9980644045
1.002787137
0.9920507799
0.9987148839
0.9987350399
0.9956407331
1.012921214
1.001772848
1.005757639
0.9964888999
0.9960937184
0.9979268834
1.000745811
1.003536576
1.008722516
0.9977726377
1.001341547
1.006438838
0.9852452164
1.00708254
1.005709901
1.014847364
1.005491891
0.9934452033
1.000415832
1.002275603
0.9962465615
0.9928099822
1.008136403
1.013935576
1.000316731
0.9969894136
1.003615803
0.9985111637
0.9743221409
1.009760662
0.9806884971
1.016051736
1.013898237
1.001008805
1.010853304
1.003897472
1.007399346
0.9988865024
0.99965484
1.001662455
1.004710983
0.9994307251
0.9996796005
0.9955841916
0.9981451059
0.9922671506
1.001256288
1.011351662
0.9755211531
0.9952498342
1.023790719
0.9919191557
0.9869337957
0.9865827862
1.019495976
0.9946407284
1.014154684
1.006030283
1.01039548
1.001015399
1.006491959
0.9984303114
1.002879343
0.9852394996
0.9993972611
1.007025121
0.992369163
0.9945326964
1.005240233
1.016631198
0.999131975
0.9968421768
1.003622539
1.011825145
1.014438278
0.9990264621
1.00147523
1.00422064
1.007719963
0.9998038171
1.003294582
0.995912198
1.011094248
1.003608749
0.994693547
0.9931976384
1.00930606
0.9907893287
1.010928711
1.001782224
0.9997850808
0.9991544694
1.006762798
0.9928053625
1.002748035
0.9933216621
1.000703539
1.008165391
1.007373346
0.989564334
0.9913261055
0.9785506129
1.012173151
1.014917933
0.9974699618
0.9914826976
0.9970565648
1.010554756
0.9992161803
1.009911306
0.9978746977
1.001876733
1.001165398
1.000768887
0.9995076247
1.001446916
0.9963713012
1.008834087
0.999203289
1.000175085
0.9981761235
1.004652155
1.00194849
1.001815211
0.99798832
0.9946097928
0.999564363
0.986875453
1.014002328
1.005124515
0.9989167397
1.005811157
1.003330607
1.002315042
1.00027735
1.001328114
1.00522164
1.007500104
0.9979780991
1.003359011
0.9914389887
1.011277952
1.003451156
0.9964831696
1.00116497
0.9967377638
0.992461061
0.9841304689
1.015162652
1.008241847
1.002016661
1.010145439
1.002382253
0.9952875201
0.9998136982
1.004206206
0.994593983
0.9981571056
1.008203485
0.9953675548
1.00600546
1.001675284
0.9990600741
1.000992701
1.002468023
1.002952088
1.001607324
1.002620859
0.9929392751
0.9892515422
1.001256741
1.008141541
1.008523821
1.001495693
1.002220127
0.9941750682
1.008807606
1.004306588
0.9986508538
1.000311762
1.002842561
0.9996649732
0.9966045116
0.9986814247
0.9953944002
0.9922773564
1.00227651
0.9942534009
1.008473909
0.9984489031
0.9908890752
0.9830227454
0.9991876505
1.009519566
1.012134752
1.001461009
0.9972236437
0.9796358857
1.001569166
0.9880902681
1.011491478
0.9870141197
1.010524456
1.004102887
1.008298289
0.9980862593
0.9931342142
0.9975832284
1.003022537
1.01706311
1.007460131
1.003374805
1.007393357
1.003664017
1.002995906
0.9989274207
1.004748179
1.001819782
0.994948402
1.009829338
1.001949343
1.001800069
1.003680367
1.006461296
