Winner of round 1 is
[-0.089, 0.069, -0.435, -0.185, -0.069, -0.058, -0.186, 0.288, -0.288, -0.063, 0.153, -1.56, 0.058, -0.124, 0.064, -0.01]
at age 2083.
Winner of round 2 is
[0.018, 0.727, 0.621, -0.192, -0.063, 0.737, -0.375, 0.359, -0.05, -0.119, 0.139, 1.076, -0.095, -1.055, 0.14, -0.015]
at age 549.
C:\Users\conor\Google Drive\Coding\Python\worms\worms.py:107: RuntimeWarning: overflow encountered in double_scalars
  return 2/(1 + math.e**(-x)) - 1
Winner of round 3 is
[6.835, 20.538, -0.886, -2.054, -0.049, -0.127, 0.007, 0.785, -4.538, 1.698, 18.194, 0.912, -0.642, 1.347, -0.455, 0.12]
at age 9693.
Winner of round 4 is
[2.487, 5.276, -1.213, -0.547, -0.161, 0.062, -0.047, 1.003, -5.976, 3.92, 3.776, 0.694, -0.121, 0.416, 0.189, -0.015]
at age 143.
Winner of round 5 is
[3.63, 9.794, -1.189, -0.852, -0.135, 0.018, -0.035, 0.853, -5.178, 3.726, 6.583, 0.933, -0.376, 0.684, 0.038, 0.023]
at age 97.
Winner of round 6 is
[3.949, 9.897, -1.161, -0.856, -0.142, 0.005, -0.043, 0.878, -5.358, 3.519, 6.62, 0.962, -0.313, 0.587, 0.017, 0.023]
at age 96.
Winner of round 7 is
[3.263, 11.286, -0.962, -0.951, -0.158, -0.018, -0.038, 0.794, -6.233, 2.912, 7.388, 0.994, -0.28, 0.632, 0.003, 0.023]
at age 108.
Winner of round 8 is
[3.516, 12.963, -1.07, -1.053, -0.139, -0.007, -0.03, 0.856, -5.641, 3.056, 7.477, 1.137, -0.374, 0.866, 0.012, 0.034]
at age 110.
Winner of round 9 is
[3.298, 10.218, -0.911, -0.828, -0.167, 0.01, -0.029, 0.795, -5.35, 2.929, 7.333, 1.043, -0.355, 0.819, 0.019, 0.025]
at age 104.
Winner of round 10 is
[3.42, 11.107, -1.046, -1.027, -0.13, 0.018, -0.019, 0.927, -6.122, 3.571, 7.537, 1.148, -0.38, 0.867, 0.001, 0.015]
at age 140.
Winner of round 11 is
[3.025, 9.389, -1.117, -0.931, -0.13, 0.005, -0.043, 0.928, -5.643, 3.34, 8.459, 0.863, -0.355, 0.741, 0.003, 0.056]
at age 98.
Winner of round 12 is
[2.626, 12.295, -1.074, -0.954, -0.1, 0.014, -0.05, 0.93, -7.292, 2.467, 10.026, 0.96, -0.373, 0.644, 0.013, 0.049]
at age 98.
Winner of round 13 is
[2.807, 10.618, -0.858, -0.865, -0.089, 0.016, -0.04, 0.881, -4.783, 2.241, 10.194, 0.57, -0.191, 0.806, 0.016, 0.03]
at age 112.
Winner of round 14 is
[2.225, 10.753, -0.941, -0.902, -0.108, 0.022, -0.065, 0.805, -4.999, 2.731, 11.743, 0.616, -0.318, 0.883, -0.006, 0.021]
at age 140.
Winner of round 15 is
[2.879, 10.725, -0.799, -0.905, -0.102, 0.023, -0.057, 0.779, -5.16, 2.768, 11.022, 0.549, -0.317, 0.776, -0.016, 0.031]
at age 99.
Winner of round 16 is
[2.396, 10.056, -0.751, -0.952, -0.11, -0.001, -0.063, 0.804, -4.468, 2.709, 12.04, 0.591, -0.265, 0.633, 0.009, 0.014]
at age 98.
Winner of round 17 is
[2.762, 9.964, -0.736, -0.995, -0.127, 0.01, -0.067, 0.703, -4.824, 2.923, 12.126, 0.622, -0.313, 0.698, 0.013, 0.004]
at age 96.
Winner of round 18 is
[2.883, 9.384, -0.699, -0.904, -0.144, 0.011, -0.029, 0.648, -4.682, 2.61, 12.589, 0.585, -0.33, 0.66, 0.03, 0.036]
at age 102.
Winner of round 19 is
[2.561, 10.542, -0.794, -0.732, -0.13, 0.015, -0.023, 0.682, -5.124, 2.73, 10.83, 0.49, -0.296, 0.64, 0.008, 0.045]
at age 96.
Winner of round 20 is
[2.51, 9.58, -0.807, -0.735, -0.127, 0.037, -0.031, 0.483, -4.689, 2.705, 12.172, 0.472, -0.271, 0.598, 0.015, 0.041]
at age 117.
Winner of round 21 is
[2.273, 10.56, -0.799, -0.753, -0.127, -0.028, -0.025, 0.751, -6.685, 2.833, 13.753, 0.483, -0.315, 0.608, 0.067, 0.031]
at age 139.
Winner of round 22 is
[2.103, 9.435, -0.592, -0.876, -0.115, 0.011, -0.047, 0.756, -6.487, 2.431, 10.354, 0.394, -0.323, 0.95, 0.051, 0.041]
at age 100.
Winner of round 23 is
[3.091, 7.503, -0.414, -0.76, -0.092, 0.016, -0.024, 0.727, -6.64, 3.084, 15.227, 0.419, -0.232, 0.697, 0.059, 0.059]
at age 210.
Winner of round 24 is
[3.523, 8.504, -0.424, -0.772, -0.159, 0.002, -0.066, 0.561, -5.949, 2.874, 9.168, 0.363, -0.297, 0.734, 0.057, 0.049]
at age 120.
Winner of round 25 is
[2.586, 10.856, -0.509, -0.564, -0.096, 0.022, 0.027, 0.623, -5.951, 1.874, 11.583, 0.49, -0.212, 0.55, -0.029, 0.001]
at age 161.
Winner of round 26 is
[2.5, 11.113, -0.5, -0.602, -0.097, 0.026, 0.025, 0.646, -5.964, 2.05, 12.3, 0.517, -0.227, 0.522, -0.046, 0.009]
at age 97.
Winner of round 27 is
[2.28, 10.785, -0.573, -0.735, -0.107, 0.017, 0.014, 0.647, -5.836, 2.164, 11.473, 0.528, -0.217, 0.565, -0.006, 0.028]
at age 136.
Winner of round 28 is
[2.392, 11.216, -0.599, -0.651, -0.108, 0.032, 0.018, 0.65, -5.833, 2.149, 10.86, 0.511, -0.22, 0.556, -0.024, 0.003]
at age 98.
Winner of round 29 is
[2.458, 10.823, -0.571, -0.654, -0.09, 0.042, 0.007, 0.666, -5.664, 2.219, 10.147, 0.495, -0.209, 0.513, -0.023, -0.001]
at age 105.
Winner of round 30 is
[2.395, 10.825, -0.572, -0.634, -0.106, 0.048, 0.017, 0.662, -5.953, 2.181, 10.575, 0.513, -0.206, 0.539, -0.025, 0.003]
at age 107.
Winner of round 31 is
[2.434, 11.37, -0.591, -0.678, -0.098, 0.048, 0.029, 0.664, -6.371, 2.173, 11.312, 0.514, -0.221, 0.544, 0.009, 0.008]
at age 128.
Winner of round 32 is
[2.474, 11.699, -0.559, -0.718, -0.128, 0.018, 0.016, 0.676, -5.874, 2.213, 10.734, 0.463, -0.197, 0.512, 0.004, 0.014]
at age 115.
Winner of round 33 is
[2.609, 9.901, -0.582, -0.671, -0.13, 0.034, 0.019, 0.608, -6.389, 2.175, 10.311, 0.478, -0.196, 0.591, -0.001, 0.019]
at age 95.
Winner of round 34 is
[2.285, 10.387, -0.618, -0.613, -0.095, -0.005, -0.008, 0.623, -6.8, 2.145, 10.442, 0.508, -0.192, 0.556, 0.01, 0.009]
at age 144.
Winner of round 35 is
[2.445, 10.266, -0.516, -0.631, -0.065, 0.022, 0.009, 0.64, -6.222, 2.173, 10.99, 0.523, -0.151, 0.561, -0.023, -0.001]
at age 152.
Winner of round 36 is
[2.06, 11.52, -0.549, -0.627, -0.091, 0.027, 0.01, 0.568, -6.014, 2.34, 11.229, 0.515, -0.15, 0.6, -0.03, 0.043]
at age 115.
Winner of round 37 is
[2.704, 10.153, -0.5, -0.733, -0.084, 0.038, 0.015, 0.647, -7.26, 2.187, 9.973, 0.447, -0.166, 0.667, 0.018, -0.003]
at age 183.
Winner of round 38 is
[2.579, 10.032, -0.491, -0.724, -0.073, 0.057, 0.059, 0.649, -6.025, 2.26, 10.277, 0.415, -0.188, 0.573, 0.007, 0.009]
at age 125.
Winner of round 39 is
[2.787, 9.524, -0.45, -0.73, -0.093, 0.058, 0.059, 0.567, -6.546, 2.303, 8.928, 0.441, -0.156, 0.577, 0.016, 0.006]
at age 104.
Winner of round 40 is
[2.709, 10.344, -0.513, -0.703, -0.059, 0.014, 0.03, 0.639, -6.064, 2.363, 10.757, 0.457, -0.19, 0.553, 0.001, 0.016]
at age 133.
Winner of round 41 is
[2.794, 10.394, -0.473, -0.715, -0.083, 0.037, 0.066, 0.586, -6.201, 2.407, 9.34, 0.455, -0.171, 0.593, 0.005, 0.017]
at age 99.
Winner of round 42 is
[3.069, 10.668, -0.485, -0.784, -0.072, 0.015, 0.054, 0.444, -6.339, 2.515, 9.704, 0.442, -0.167, 0.502, -0.003, 0.028]
at age 164.
Winner of round 43 is
[3.094, 10.889, -0.486, -0.676, -0.046, 0.045, 0.059, 0.349, -7.431, 2.35, 13.876, 0.415, -0.194, 0.491, -0.034, 0.025]
at age 126.
Winner of round 44 is
[2.568, 9.48, -0.564, -0.623, -0.082, 0.04, 0.059, 0.445, -7.448, 2.581, 11.782, 0.437, -0.166, 0.554, -0.02, 0.03]
at age 127.
Winner of round 45 is
[2.654, 8.175, -0.486, -0.549, -0.085, 0.043, 0.033, 0.562, -5.757, 2.002, 11.627, 0.437, -0.16, 0.505, -0.012, 0.033]
at age 94.
Winner of round 46 is
[2.454, 8.073, -0.519, -0.555, -0.071, 0.026, 0.049, 0.516, -6.334, 1.955, 11.753, 0.459, -0.168, 0.473, -0.003, 0.026]
at age 114.
Winner of round 47 is
[1.811, 8.793, -0.534, -0.716, -0.075, 0.029, 0.045, 0.456, -6.474, 2.265, 16.425, 0.438, -0.2, 0.441, 0.014, 0.04]
at age 99.
Winner of round 48 is
[2.309, 8.832, -0.393, -0.659, -0.041, 0.062, 0.011, 0.432, -5.717, 2.217, 14.797, 0.548, -0.237, 0.525, 0.022, 0.037]
at age 139.
Winner of round 49 is
[2.204, 9.223, -0.466, -0.76, -0.061, 0.079, 0.022, 0.452, -9.565, 2.65, 10.432, 0.361, -0.187, 0.379, 0.008, 0.088]
at age 131.
Winner of round 50 is
[3.304, 8.205, -0.773, -0.49, -0.058, 0.072, 0.029, 0.507, -7.012, 2.786, 9.102, 0.414, -0.204, 0.478, 0.031, 0.024]
at age 187.
Winner of round 51 is
[2.588, 10.325, -0.45, -0.761, -0.049, 0.057, 0.034, 0.377, -6.263, 2.063, 10.0, 0.371, -0.227, 0.692, 0.042, 0.035]
at age 101.
Winner of round 52 is
[2.819, 8.662, -0.576, -0.629, -0.08, 0.055, 0.073, 0.441, -7.023, 2.592, 9.637, 0.404, -0.207, 0.554, 0.009, 0.028]
at age 156.
Winner of round 53 is
[3.109, 7.418, -0.578, -0.611, -0.079, 0.067, 0.068, 0.381, -6.766, 2.44, 12.395, 0.38, -0.24, 0.437, 0.01, 0.035]
at age 100.
Winner of round 54 is
[2.997, 7.471, -0.575, -0.493, -0.066, 0.066, 0.062, 0.448, -6.415, 2.356, 11.462, 0.398, -0.214, 0.438, 0.051, 0.01]
at age 97.
Winner of round 55 is
[2.714, 7.54, -0.523, -0.568, -0.076, 0.035, 0.061, 0.414, -5.707, 2.428, 12.102, 0.429, -0.21, 0.481, 0.04, 0.005]
at age 117.
Winner of round 56 is
[3.122, 7.237, -0.58, -0.438, -0.052, 0.075, 0.054, 0.494, -5.545, 1.931, 11.452, 0.393, -0.2, 0.387, 0.014, 0.015]
at age 161.
Winner of round 57 is
[2.141, 7.736, -0.456, -0.505, -0.056, 0.066, 0.097, 0.673, -4.374, 2.391, 10.965, 0.342, -0.218, 0.565, 0.018, 0.041]
at age 146.
Winner of round 58 is
[2.548, 7.22, -0.421, -0.536, -0.05, 0.072, 0.065, 0.523, -4.713, 2.964, 11.611, 0.319, -0.187, 0.491, 0.02, 0.025]
at age 132.
Winner of round 59 is
[2.166, 5.413, -0.422, -0.535, -0.043, 0.063, 0.073, 0.559, -4.777, 2.39, 10.643, 0.323, -0.247, 0.537, -0.003, 0.034]
at age 123.
Winner of round 60 is
[2.541, 5.792, -0.377, -0.661, -0.068, 0.078, 0.079, 0.609, -5.621, 2.144, 10.033, 0.402, -0.149, 0.435, 0.001, 0.026]
at age 101.
Winner of round 61 is
[2.105, 6.595, -0.409, -0.513, -0.049, 0.052, 0.074, 0.557, -6.871, 2.674, 10.499, 0.422, -0.199, 0.372, 0.014, 0.023]
at age 114.
Winner of round 62 is
[2.112, 6.976, -0.4, -0.463, -0.077, 0.07, 0.046, 0.488, -6.445, 2.786, 9.606, 0.431, -0.178, 0.409, 0.002, 0.019]
at age 99.
Winner of round 63 is
[1.935, 7.051, -0.353, -0.491, -0.078, 0.043, 0.065, 0.481, -6.371, 2.678, 11.043, 0.384, -0.225, 0.371, 0.02, 0.015]
at age 102.
Winner of round 64 is
[1.676, 6.886, -0.349, -0.554, -0.05, 0.048, 0.051, 0.428, -5.731, 2.625, 10.568, 0.411, -0.246, 0.405, 0.011, 0.011]
at age 110.
Winner of round 65 is
[1.755, 7.017, -0.357, -0.47, -0.069, 0.055, 0.066, 0.436, -6.194, 2.578, 9.908, 0.434, -0.219, 0.389, 0.036, 0.017]
at age 94.
Winner of round 66 is
[1.695, 6.728, -0.435, -0.448, -0.061, 0.052, 0.1, 0.434, -6.171, 2.485, 10.171, 0.41, -0.212, 0.347, 0.034, 0.02]
at age 150.
Winner of round 67 is
[1.764, 7.59, -0.435, -0.467, -0.04, 0.078, 0.109, 0.473, -6.765, 2.09, 9.971, 0.351, -0.193, 0.371, 0.014, 0.027]
at age 111.
Winner of round 68 is
[1.626, 6.544, -0.434, -0.529, -0.041, 0.087, 0.093, 0.566, -6.054, 2.431, 10.911, 0.416, -0.172, 0.301, 0.028, 0.031]
at age 127.
Winner of round 69 is
[1.445, 8.401, -0.376, -0.578, -0.054, 0.065, 0.083, 0.605, -6.021, 2.994, 9.616, 0.518, -0.187, 0.348, 0.043, 0.045]
at age 100.
Winner of round 70 is
[1.991, 7.869, -0.447, -0.539, -0.048, 0.032, 0.068, 0.733, -6.939, 3.132, 8.9, 0.5, -0.193, 0.37, 0.043, 0.054]
at age 94.
Winner of round 71 is
[1.744, 9.026, -0.355, -0.48, -0.038, 0.032, 0.089, 0.735, -7.405, 3.052, 11.879, 0.386, -0.232, 0.289, 0.034, 0.048]
at age 122.
Winner of round 72 is
[2.32, 8.412, -0.42, -0.525, -0.037, 0.048, 0.049, 0.697, -6.526, 3.152, 12.562, 0.462, -0.169, 0.362, 0.018, 0.027]
at age 103.
Winner of round 73 is
[2.292, 7.809, -0.469, -0.666, -0.017, 0.006, 0.058, 0.929, -13.12, 4.138, 11.134, 0.375, -0.251, 0.197, 0.057, 0.064]
at age 201.
Winner of round 74 is
[1.393, 21.17, -0.4, -0.56, -0.017, 0.052, 0.039, 1.014, -8.703, 3.695, 9.471, 0.275, -0.238, 0.18, 0.014, 0.057]
at age 102.