Python 3.6.2 (v3.6.2:5fd33b5, Jul  8 2017, 04:57:36) [MSC v.1900 64 bit (AMD64)] on win32
Type "copyright", "credits" or "license()" for more information.
>>> 
======================== RESTART: C:\Users\conor\Google Drive\wormshit.py ========================

Warning (from warnings module):
  File "C:\Users\conor\Google Drive\wormshit.py", line 107
    return 2/(1 + math.e**(-x)) - 1
RuntimeWarning: overflow encountered in double_scalars
Winner of round 1 is
[-40.124, 0.002, -5.889, -1.729, 0.012, -2.913, 0.199, -0.17, 2.198, 0.202, -0.25, 0.003, -0.22, 1.081, -0.007, 0.203]
at age 167.
Winner of round 2 is
[-0.265, -0.627, 0.621, 1.572, -0.048, 1.266, 0.731, 0.142, -1.446, -0.528, -0.842, -0.797, -0.304, 0.798, -0.64, 0.04]
at age 73.
Winner of round 3 is
[-12.552, -1.45, 0.151, 1.403, -0.016, 0.586, 0.562, 0.045, -0.31, -0.306, -0.286, -0.654, -0.823, 0.928, -0.454, 0.08]
at age 48.
Winner of round 4 is
[-4.158, -1.077, 0.423, 1.347, 0.191, 0.347, 0.524, 0.139, -0.746, -0.588, -1.208, -0.681, -0.562, 0.555, -0.671, 0.099]
at age 115.
Winner of round 5 is
[-6.629, -2.35, 0.224, 0.508, 0.033, 0.517, 0.314, 0.025, -0.607, -0.405, -0.492, -1.011, -1.215, 1.206, -1.04, 0.081]
at age 363.
Winner of round 6 is
[-6.103, -1.225, 0.258, 0.809, 0.08, 1.369, 0.818, 0.001, -0.354, -0.574, -0.267, -0.979, -1.071, 1.961, -0.426, -0.062]
at age 48.
Winner of round 7 is
[-5.631, -1.888, 0.251, 0.381, 0.04, 0.589, 0.258, 0.018, -0.645, -0.624, -0.302, -1.2, -1.773, 1.272, -1.167, 0.064]
at age 205.
Winner of round 8 is
[-7.298, -1.884, 0.241, 0.733, 0.041, 0.89, 0.515, 0.032, -0.412, -0.519, -0.409, -0.896, -1.325, 1.868, -0.924, 0.018]
at age 128.
Winner of round 9 is
[-7.434, -1.668, 0.247, 0.69, 0.014, 1.014, 0.539, 0.045, -0.395, -0.524, -0.382, -0.938, -1.217, 1.876, -0.919, 0.001]
at age 97.
Winner of round 10 is
[-7.165, -1.688, 0.237, 0.665, 0.019, 1.019, 0.524, 0.05, -0.429, -0.522, -0.391, -0.922, -1.29, 1.779, -0.915, 0.014]
at age 75.
Winner of round 11 is
[-7.878, -1.629, 0.227, 0.771, 0.019, 0.809, 0.487, 0.069, -0.477, -0.598, -0.281, -1.215, -1.449, 1.946, -0.913, 0.017]
at age 115.
Winner of round 12 is
[-2.63, -4.993, 0.234, 0.728, -0.013, 1.738, 0.395, -0.029, -0.431, -0.678, -1.075, -0.769, -1.047, 1.865, -0.8, 0.015]
at age 1434.
Winner of round 13 is
[-1.127, -1.319, 0.534, 0.24, -0.042, 2.06, 0.493, 0.048, -0.243, -0.609, -0.369, -0.991, -1.157, 2.898, -0.767, 0.26]
at age 131.
Winner of round 14 is
[-3.831, -1.367, 0.274, 0.378, -0.034, 0.783, 0.983, 0.251, -0.499, -0.82, -0.461, -0.632, -2.121, 3.493, -0.606, 0.043]
at age 147.
Winner of round 15 is
[-2.687, -3.578, 0.371, 0.378, 0.006, 0.676, 0.711, 0.1, -0.299, -0.482, -0.629, -0.315, -2.587, 1.555, -0.311, 0.078]
at age 193.
Winner of round 16 is
[-2.625, -2.355, 0.331, 0.562, -0.018, 0.888, 0.68, 0.136, -0.264, -0.607, -0.636, -0.505, -2.279, 3.289, -0.646, 0.043]
at age 171.
Winner of round 17 is
[-2.884, -1.434, 0.275, 0.501, -0.008, 0.8, 1.439, 0.123, -0.322, -0.88, -0.393, -0.442, -2.441, 3.081, -0.891, 0.058]
at age 210.
Winner of round 18 is
[-3.074, -1.838, 0.298, 0.415, 0.005, 0.784, 1.268, 0.243, -0.309, -0.919, -0.472, -0.607, -2.355, 3.987, -1.077, 0.045]
at age 135.
Winner of round 19 is
[-2.768, -1.834, 0.307, 0.52, 0.032, 0.758, 1.702, 0.187, -0.37, -0.717, -0.371, -0.575, -2.674, 3.177, -0.953, 0.044]
at age 134.
Winner of round 20 is
[-3.89, -1.773, 0.483, 0.595, 0.034, 0.73, 1.573, 0.129, -0.341, -0.763, -0.462, -0.573, -2.568, 3.681, -0.77, 0.028]
at age 141.
Winner of round 21 is
[-3.038, -1.741, 0.404, 0.538, 0.019, 0.948, 1.289, 0.136, -0.391, -0.82, -0.416, -0.488, -2.481, 3.854, -0.971, 0.04]
at age 177.
Winner of round 22 is
[-3.408, -2.074, 0.443, 0.613, 0.004, 0.898, 1.227, 0.178, -0.39, -0.806, -0.479, -0.489, -2.217, 3.299, -0.758, 0.056]
at age 171.
Winner of round 23 is
[-3.438, -1.457, 0.366, 0.467, 0.06, 0.937, 0.971, 0.144, -0.351, -0.735, -0.497, -0.495, -2.708, 3.347, -1.04, 0.059]
at age 173.
Winner of round 24 is
[-2.982, -1.567, 0.365, 0.485, 0.029, 0.858, 1.198, 0.127, -0.299, -0.761, -0.451, -0.506, -2.553, 3.468, -1.037, 0.005]
at age 148.
Winner of round 25 is
[-3.218, -1.581, 0.364, 0.533, 0.002, 0.802, 1.148, 0.12, -0.333, -0.694, -0.508, -0.542, -2.726, 3.67, -0.983, 0.003]
at age 188.
Winner of round 26 is
[-3.216, -1.674, 0.344, 0.498, 0.034, 0.801, 1.271, 0.135, -0.298, -0.686, -0.507, -0.58, -2.599, 3.217, -0.941, 0.012]
at age 176.
Winner of round 27 is
[-3.034, -1.526, 0.35, 0.512, 0.057, 0.823, 1.153, 0.177, -0.347, -0.779, -0.487, -0.584, -2.587, 3.447, -0.999, -0.021]
at age 171.
Winner of round 28 is
[-3.176, -1.553, 0.325, 0.507, 0.004, 0.797, 1.179, 0.165, -0.324, -0.695, -0.48, -0.53, -2.55, 3.592, -1.062, 0.018]
at age 138.
Winner of round 29 is
[-2.962, -1.59, 0.317, 0.528, 0.017, 0.776, 1.188, 0.172, -0.298, -0.771, -0.441, -0.574, -2.598, 3.682, -1.048, 0.008]
at age 173.
Winner of round 30 is
[-3.163, -1.475, 0.318, 0.516, -0.02, 0.796, 1.176, 0.148, -0.326, -0.727, -0.452, -0.555, -2.474, 3.785, -1.052, -0.002]
at age 175.
Winner of round 31 is
[-3.106, -1.48, 0.338, 0.499, -0.023, 0.72, 1.228, 0.137, -0.308, -0.777, -0.48, -0.553, -2.546, 3.545, -1.057, 0.005]
at age 132.
Winner of round 32 is
[-3.223, -1.529, 0.27, 0.486, 0.007, 0.781, 1.102, 0.156, -0.311, -0.883, -0.551, -0.594, -2.571, 3.351, -1.022, 0.007]
at age 158.
Winner of round 33 is
[-2.838, -1.627, 0.346, 0.391, 0.019, 0.512, 1.259, 0.137, -0.33, -0.573, -0.436, -0.656, -2.232, 3.372, -1.049, 0.056]
at age 178.
Winner of round 34 is
[-2.837, -1.4, 0.26, 0.537, -0.002, 0.896, 0.915, 0.176, -0.284, -0.892, -0.497, -0.496, -2.569, 3.9, -1.022, 0.007]
at age 191.
Winner of round 35 is
[-3.211, -1.457, 0.268, 0.482, -0.007, 0.756, 0.917, 0.146, -0.262, -0.822, -0.472, -0.632, -2.81, 3.8, -1.042, 0.001]
at age 172.
Winner of round 36 is
[-3.083, -1.532, 0.279, 0.501, 0.014, 0.741, 1.125, 0.206, -0.329, -0.677, -0.403, -0.673, -2.406, 3.346, -1.146, 0.033]
at age 154.
Winner of round 37 is
[-2.974, -1.702, 0.262, 0.539, 0.018, 0.853, 0.882, 0.197, -0.415, -0.496, -0.355, -0.581, -2.494, 3.539, -1.178, 0.02]
at age 224.
Winner of round 38 is
[-3.493, -1.442, 0.25, 0.48, 0.031, 0.769, 1.081, 0.226, -0.291, -0.553, -0.383, -0.696, -2.273, 4.089, -1.056, 0.029]
at age 155.
Winner of round 39 is
[-3.978, -1.409, 0.291, 0.343, 0.008, 0.82, 0.861, 0.158, -0.308, -0.534, -0.382, -0.768, -2.8, 3.408, -0.969, 0.038]
at age 155.
Winner of round 40 is
[-3.802, -1.212, 0.241, 0.587, 0.04, 0.734, 0.933, 0.206, -0.334, -0.458, -0.285, -0.657, -2.228, 4.16, -1.355, 0.021]
at age 163.
Winner of round 41 is
[-3.938, -1.044, 0.3, 0.534, 0.055, 0.803, 0.748, 0.179, -0.276, -0.499, -0.385, -0.633, -2.33, 4.117, -1.19, 0.036]
at age 153.
Winner of round 42 is
[-3.436, -1.347, 0.238, 0.41, 0.063, 0.789, 0.755, 0.191, -0.29, -0.506, -0.388, -0.535, -2.388, 4.399, -1.267, -0.015]
at age 169.
Winner of round 43 is
[-3.557, -1.22, 0.249, 0.475, 0.077, 0.761, 0.718, 0.162, -0.329, -0.516, -0.394, -0.57, -2.518, 4.247, -1.199, -0.003]
at age 162.
Winner of round 44 is
[-4.389, -0.995, 0.259, 0.424, 0.053, 0.743, 0.882, 0.159, -0.306, -0.594, -0.422, -0.638, -2.5, 3.896, -1.165, -0.007]
at age 160.
Winner of round 45 is
[-4.122, -1.005, 0.291, 0.486, 0.052, 0.942, 0.829, 0.191, -0.313, -0.545, -0.411, -0.6, -2.645, 4.078, -1.231, -0.017]
at age 145.
Winner of round 46 is
[-4.002, -0.827, 0.292, 0.498, 0.049, 1.043, 0.726, 0.171, -0.355, -0.468, -0.426, -0.465, -2.938, 3.633, -1.039, -0.038]
at age 163.
Winner of round 47 is
[-4.027, -1.001, 0.284, 0.493, 0.074, 1.001, 0.827, 0.165, -0.328, -0.504, -0.388, -0.565, -2.758, 3.538, -1.091, 0.003]
at age 149.
Winner of round 48 is
[-3.256, -0.918, 0.293, 0.368, 0.091, 1.038, 0.858, 0.181, -0.3, -0.459, -0.403, -0.48, -3.018, 3.434, -0.971, -0.017]
at age 145.
Winner of round 49 is
[-3.764, -1.11, 0.349, 0.449, 0.07, 0.938, 0.708, 0.189, -0.309, -0.483, -0.468, -0.537, -2.555, 2.947, -0.935, -0.044]
at age 185.
Winner of round 50 is
[-4.507, -1.064, 0.341, 0.322, 0.072, 0.917, 0.787, 0.2, -0.299, -0.583, -0.426, -0.604, -2.961, 3.585, -0.967, -0.009]
at age 163.
Winner of round 51 is
[-3.665, -0.969, 0.338, 0.425, 0.107, 0.923, 0.731, 0.152, -0.326, -0.557, -0.406, -0.508, -2.808, 3.408, -1.0, 0.007]
at age 160.
Winner of round 52 is
[-3.848, -0.894, 0.378, 0.451, 0.104, 0.956, 0.767, 0.184, -0.326, -0.579, -0.436, -0.477, -2.462, 3.332, -1.03, 0.009]
at age 171.
Winner of round 53 is
[-3.353, -1.007, 0.321, 0.416, 0.105, 1.045, 0.736, 0.132, -0.275, -0.523, -0.386, -0.548, -2.372, 3.272, -1.031, 0.042]
at age 145.
Winner of round 54 is
[-3.857, -0.919, 0.277, 0.458, 0.118, 0.763, 0.707, 0.149, -0.246, -0.531, -0.514, -0.484, -2.636, 3.469, -0.765, 0.017]
at age 160.
Winner of round 55 is
[-3.793, -1.097, 0.251, 0.459, 0.071, 1.17, 0.741, 0.104, -0.432, -0.339, -0.464, -0.485, -2.471, 3.351, -1.032, 0.053]
at age 149.
Winner of round 56 is
[-5.524, -1.279, 0.362, 0.499, 0.075, 1.097, 0.624, 0.163, -0.337, -0.396, -0.372, -0.71, -2.277, 2.826, -0.798, 0.029]
at age 159.
Winner of round 57 is
[-5.098, -1.049, 0.252, 0.537, 0.058, 1.019, 0.859, 0.145, -0.301, -0.416, -0.468, -0.718, -1.697, 2.997, -0.768, 0.037]
at age 98.
Winner of round 58 is
[-4.334, -1.116, 0.261, 0.45, 0.079, 0.803, 0.637, 0.152, -0.447, -0.351, -0.367, -0.698, -2.168, 2.966, -0.735, 0.03]
at age 137.
Winner of round 59 is
[-4.774, -1.006, 0.244, 0.459, 0.061, 0.91, 0.737, 0.137, -0.374, -0.433, -0.4, -0.64, -2.162, 2.924, -0.694, 0.01]
at age 135.
Winner of round 60 is
[-4.067, -1.151, 0.334, 0.492, 0.035, 1.108, 0.643, 0.13, -0.355, -0.328, -0.293, -0.599, -1.905, 2.776, -0.618, 0.04]
at age 122.
Winner of round 61 is
[-6.478, -1.069, 0.351, 0.451, 0.055, 1.158, 0.734, 0.109, -0.296, -0.417, -0.282, -0.652, -1.724, 3.076, -0.551, 0.044]
at age 146.
Winner of round 62 is
[-6.049, -0.844, 0.263, 0.515, 0.047, 1.062, 0.713, 0.123, -0.328, -0.365, -0.306, -0.678, -1.91, 2.927, -0.667, 0.008]
at age 112.
Winner of round 63 is
[-5.473, -1.013, 0.288, 0.525, 0.027, 0.988, 0.763, 0.108, -0.351, -0.337, -0.38, -0.726, -1.951, 3.022, -0.599, 0.016]
at age 142.
Winner of round 64 is
[-5.527, -0.995, 0.271, 0.531, 0.01, 1.035, 0.676, 0.144, -0.37, -0.322, -0.355, -0.703, -1.98, 3.0, -0.615, 0.012]
at age 106.
Winner of round 65 is
[-5.634, -0.893, 0.244, 0.497, 0.01, 0.956, 0.683, 0.127, -0.345, -0.346, -0.366, -0.608, -2.076, 3.144, -0.631, 0.015]
at age 126.
Winner of round 66 is
[-5.288, -1.038, 0.303, 0.504, 0.06, 1.005, 0.724, 0.116, -0.346, -0.351, -0.351, -0.696, -1.981, 2.832, -0.581, -0.004]
at age 128.
Winner of round 67 is
[-5.133, -1.022, 0.287, 0.46, 0.062, 1.062, 0.748, 0.143, -0.333, -0.373, -0.38, -0.649, -2.134, 2.856, -0.572, -0.001]
at age 127.
Winner of round 68 is
[-5.271, -0.996, 0.253, 0.466, 0.017, 1.037, 0.76, 0.179, -0.31, -0.362, -0.391, -0.693, -2.089, 2.869, -0.632, -0.003]
at age 93.
Winner of round 69 is
[-5.871, -0.941, 0.262, 0.504, 0.037, 1.012, 0.763, 0.156, -0.307, -0.379, -0.357, -0.661, -1.992, 3.01, -0.591, 0.015]
at age 143.
Winner of round 70 is
[-5.567, -1.012, 0.272, 0.473, 0.04, 1.004, 0.761, 0.129, -0.306, -0.374, -0.395, -0.681, -2.003, 2.911, -0.676, 0.002]
at age 72.
Winner of round 71 is
[-5.472, -0.983, 0.267, 0.504, 0.041, 0.995, 0.731, 0.136, -0.323, -0.381, -0.356, -0.669, -1.995, 2.906, -0.633, 0.001]
at age 128.
Winner of round 72 is
[-6.392, -1.18, 0.203, 0.602, 0.035, 1.068, 0.817, 0.13, -0.3, -0.25, -0.311, -0.721, -1.93, 3.087, -0.837, 0.035]
at age 130.
Traceback (most recent call last):
  File "C:\Users\conor\Google Drive\wormshit.py", line 219, in <module>
    p = Plot()
  File "C:\Users\conor\Google Drive\wormshit.py", line 33, in __init__
    self.loop()
  File "C:\Users\conor\Google Drive\wormshit.py", line 62, in loop
    self.move()
  File "C:\Users\conor\Google Drive\wormshit.py", line 87, in move
    worm.decide()
  File "C:\Users\conor\Google Drive\wormshit.py", line 160, in decide
    midlayer = np.dot(inputs,self.synapses1)
TypeError: unsupported operand type(s) for *: 'NoneType' and 'float'
>>> 
